@ HKUST1.sa Unitcell_volume: 18166.4   Density: 0.884635   ASA_A^2: 2894.36 ASA_m^2/cm^3: 1593.25 ASA_m^2/g: 1801.02 NASA_A^2: 84.2711 NASA_m^2/cm^3: 46.3885 NASA_m^2/g: 52.438
Number_of_channels: 1 Channel_surface_area_A^2: 2894.36  
Number_of_pockets: 8 Pocket_surface_area_A^2: 10.8708  10.4216  10.2419  10.6911  10.0622  11.4098  9.97238  10.6013  
